These are bytes taken from Flydigi Space Station on Windows using API Monitor.
Use this as reference to send on flidigy_raw

LED steady 
brightness 50
#324b64

a5 28 02 0c a0 00 00 00 00 00 00 00 00 00 00

a5 29 32 4b 64 32 4b 64 32 4b 64 32 a0 00 00
a5 29 4b 64 32 4b 64 32 4b 64 32 4b a0 01 00
a5 29 64 32 4b 64 32 4b 64 32 4b 64 a0 02 00

a5 29 32 4b 64 32 4b 64 32 4b 64 32 a0 03 00
a5 29 4b 64 32 4b 64 32 4b 64 32 4b a0 04 00
a5 29 64 32 4b 64 32 4b 64 32 4b 64 a0 05 00

a5 29 32 4b 64 32 4b 64 32 4b 64 32 a0 06 00
a5 29 4b 64 32 4b 64 32 4b 64 32 4b a0 07 00

a5 29 64 32 4b 64 32 4b 64 32 4b 64 a0 08 00
a5 29 32 4b 64 32 4b 64 32 4b 64 32 a0 09 00

a5 29 4b 64 32 4b 64 32 4b 64 32 4b a0 0a 00
a5 29 64 32 4b 64 32 4b 64 32 4b 64 a0 0b 00

LED breath
brightness 25 // 0-100
cycle time 36 // 1-100

params color1 color2 color3 color4 color5
#102030 -> #203040 -> #304050 -> #405060 -> #506070

a5 28 02 0c a0 00 00 00 00 00 00 00 00 00 00

a5 29 10 20 30 00 00 00 20 30 40 00 a0 00 00
a5 29 00 00 30 40 50 00 00 00 40 50 a0 01 00

a5 29 60 00 00 00 50 60 70 00 00 00 a0 02 00
a5 29 10 20 30 00 00 00 20 30 40 00 a0 03 00

a5 29 00 00 30 40 50 00 00 00 40 50 a0 04 00
a5 29 60 00 00 00 50 60 70 00 00 00 a0 05 00

a5 29 10 20 30 00 00 00 20 30 40 00 a0 06 00
a5 29 00 00 30 40 50 00 00 00 40 50 a0 07 00

a5 29 60 00 00 00 50 60 70 00 00 00 a0 08 00
a5 29 10 20 30 00 00 00 20 30 40 00 a0 09 00

a5 29 00 00 30 40 50 00 00 00 40 50 a0 0a 00
a5 29 60 00 00 00 50 60 70 00 00 00 a0 0b 00

a5 28 00 01 a0 00 00 00 00 00 00 00 00 00 00
a5 29 00 02 00 00 09 24 19 04 02 ff a0 00 00

LED gradient
brightness 65 // 0-100
cycle time 24 // 1-100

params color1 color2 color3 color4 color5
#102030 -> #203040 -> #304050 -> #405060 -> #506070

a5 28 02 0c a0 00 00 00 00 00 00 00 00 00 00

a5 29 10 20 30 20 30 40 30 40 50 40 a0 00 00
a5 29 50 60 50 60 70 00 00 00 00 00 a0 01 00

a5 29 00 00 00 00 00 00 00 00 00 00 a0 02 00
a5 29 10 20 30 20 30 40 30 40 50 40 a0 03 00

a5 29 50 60 50 60 70 00 00 00 00 00 a0 04 00
a5 29 00 00 00 00 00 00 00 00 00 00 a0 05 00

a5 29 10 20 30 20 30 40 30 40 50 40 a0 06 00
a5 29 50 60 50 60 70 00 00 00 00 00 a0 07 00

a5 29 00 00 00 00 00 00 00 00 00 00 a0 08 00
a5 29 10 20 30 20 30 40 30 40 50 40 a0 09 00

a5 29 50 60 50 60 70 00 00 00 00 00 a0 0a 00
a5 29 00 00 00 00 00 00 00 00 00 00 a0 0b 00

a5 28 00 01 a0 00 00 00 00 00 00 00 00 00 00
a5 29 00 02 00 00 04 18 41 04 03 ff a0 00 00